Transmitter GPS Positions (accurate within 3m):
C: 53.387535, -1.483810
A: 53.387920, -1.483924
B: 53.387896, -1.483313
E: 53.387515, -1.483242

Transmitter turn on times:
E: 00:00.00
C: 09:46.78
A: 09:46.78 + 03:28.65
B: 09:46.78 + 03:28.65 + 05:17.79

Transmitter A broke during the tag trials and was taken down as soon as it stopped moving.